0.000000   0.105943 
117187.500000   0.111558 
234375.000000   0.131323 
351562.500000   0.179133 
468750.000000   0.323374 
585937.500000   2.936069 
703125.000000   0.394966 
820312.500000   0.183973 
937500.000000   0.120204 
1054687.500000   0.089638 
1171875.000000   0.071769 
1289062.500000   0.060068 
1406250.000000   0.051818 
1523437.500000   0.045687 
1640625.000000   0.040952 
1757812.500000   0.037183 
1875000.000000   0.034111 
1992187.500000   0.031558 
2109375.000000   0.029403 
2226562.500000   0.027559 
2343750.000000   0.025963 
2460937.500000   0.024568 
2578125.000000   0.023340 
2695312.500000   0.022250 
2812500.000000   0.021277 
2929687.500000   0.020403 
3046875.000000   0.019614 
3164062.500000   0.018900 
3281250.000000   0.018250 
3398437.500000   0.017656 
3515625.000000   0.017113 
3632812.500000   0.016615 
3750000.000000   0.016156 
3867187.500000   0.015733 
3984375.000000   0.015342 
4101562.500000   0.014981 
4218750.000000   0.014646 
4335937.500000   0.014336 
4453125.000000   0.014048 
4570312.500000   0.013780 
4687500.000000   0.013532 
4804687.500000   0.013301 
4921875.000000   0.013086 
5039062.500000   0.012886 
5156250.000000   0.012701 
5273437.500000   0.012529 
5390625.000000   0.012370 
5507812.500000   0.012223 
5625000.000000   0.012086 
5742187.500000   0.011961 
5859375.000000   0.011845 
5976562.500000   0.011740 
6093750.000000   0.011643 
6210937.500000   0.011556 
6328125.000000   0.011477 
6445312.500000   0.011406 
6562500.000000   0.011344 
6679687.500000   0.011289 
6796875.000000   0.011242 
6914062.500000   0.011203 
7031250.000000   0.011170 
7148437.500000   0.011146 
7265625.000000   0.011128 
7382812.500000   0.011117 
7500000.000000   0.011114 
7617187.500000   0.011117 
7734375.000000   0.011128 
7851562.500000   0.011146 
7968750.000000   0.011170 
8085937.500000   0.011203 
8203125.000000   0.011242 
8320312.500000   0.011289 
8437500.000000   0.011344 
8554687.500000   0.011406 
8671875.000000   0.011477 
8789062.500000   0.011556 
8906250.000000   0.011643 
9023437.500000   0.011740 
9140625.000000   0.011845 
9257812.500000   0.011961 
9375000.000000   0.012086 
9492187.500000   0.012223 
9609375.000000   0.012370 
9726562.500000   0.012529 
9843750.000000   0.012701 
9960937.500000   0.012886 
10078125.000000   0.013086 
10195312.500000   0.013301 
10312500.000000   0.013532 
10429687.500000   0.013780 
10546875.000000   0.014048 
10664062.500000   0.014336 
10781250.000000   0.014646 
10898437.500000   0.014981 
11015625.000000   0.015342 
11132812.500000   0.015733 
11250000.000000   0.016156 
11367187.500000   0.016615 
11484375.000000   0.017113 
11601562.500000   0.017656 
11718750.000000   0.018250 
11835937.500000   0.018900 
11953125.000000   0.019614 
12070312.500000   0.020403 
12187500.000000   0.021277 
12304687.500000   0.022250 
12421875.000000   0.023340 
12539062.500000   0.024568 
12656250.000000   0.025963 
12773437.500000   0.027559 
12890625.000000   0.029403 
13007812.500000   0.031558 
13125000.000000   0.034111 
13242187.500000   0.037183 
13359375.000000   0.040952 
13476562.500000   0.045687 
13593750.000000   0.051818 
13710937.500000   0.060068 
13828125.000000   0.071769 
13945312.500000   0.089638 
14062500.000000   0.120204 
14179687.500000   0.183973 
14296875.000000   0.394966 
14414062.500000   2.936069 
14531250.000000   0.323374 
14648437.500000   0.179133 
14765625.000000   0.131323 
14882812.500000   0.111558 

