0.000000   0.039270 
117187.500000   0.081796 
234375.000000   0.092760 
351562.500000   0.119442 
468750.000000   0.200366 
585937.500000   1.669911 
703125.000000   0.204057 
820312.500000   0.085267 
937500.000000   0.049079 
1054687.500000   0.031211 
1171875.000000   0.019330 
1289062.500000   0.012309 
1406250.000000   0.004869 
1523437.500000   0.006925 
1640625.000000   0.025587 
1757812.500000   0.137125 
1875000.000000   0.094570 
1992187.500000   0.041991 
2109375.000000   0.028327 
2226562.500000   0.021475 
2343750.000000   0.016497 
2460937.500000   0.015150 
2578125.000000   0.011591 
2695312.500000   0.008377 
2812500.000000   0.005481 
2929687.500000   0.022602 
3046875.000000   0.061190 
3164062.500000   0.024746 
3281250.000000   0.018186 
3398437.500000   0.015090 
3515625.000000   0.012783 
3632812.500000   0.014491 
3750000.000000   0.011650 
3867187.500000   0.010413 
3984375.000000   0.009144 
4101562.500000   0.007242 
4218750.000000   0.039944 
4335937.500000   0.013219 
4453125.000000   0.011151 
4570312.500000   0.010232 
4687500.000000   0.009592 
4804687.500000   0.013506 
4921875.000000   0.009238 
5039062.500000   0.008946 
5156250.000000   0.008808 
5273437.500000   0.008953 
5390625.000000   0.023844 
5507812.500000   0.007523 
5625000.000000   0.007673 
5742187.500000   0.007788 
5859375.000000   0.008144 
5976562.500000   0.012811 
6093750.000000   0.005656 
6210937.500000   0.006375 
6328125.000000   0.006571 
6445312.500000   0.006820 
6562500.000000   0.011774 
6679687.500000   0.009052 
6796875.000000   0.007492 
6914062.500000   0.007423 
7031250.000000   0.007893 
7148437.500000   0.011571 
7265625.000000   0.004409 
7382812.500000   0.005019 
7500000.000000   0.005211 
7617187.500000   0.005019 
7734375.000000   0.004409 
7851562.500000   0.011571 
7968750.000000   0.007893 
8085937.500000   0.007423 
8203125.000000   0.007492 
8320312.500000   0.009052 
8437500.000000   0.011774 
8554687.500000   0.006820 
8671875.000000   0.006571 
8789062.500000   0.006375 
8906250.000000   0.005656 
9023437.500000   0.012811 
9140625.000000   0.008144 
9257812.500000   0.007788 
9375000.000000   0.007673 
9492187.500000   0.007523 
9609375.000000   0.023844 
9726562.500000   0.008953 
9843750.000000   0.008808 
9960937.500000   0.008946 
10078125.000000   0.009238 
10195312.500000   0.013506 
10312500.000000   0.009592 
10429687.500000   0.010232 
10546875.000000   0.011151 
10664062.500000   0.013219 
10781250.000000   0.039944 
10898437.500000   0.007242 
11015625.000000   0.009144 
11132812.500000   0.010413 
11250000.000000   0.011650 
11367187.500000   0.014491 
11484375.000000   0.012783 
11601562.500000   0.015090 
11718750.000000   0.018186 
11835937.500000   0.024746 
11953125.000000   0.061190 
12070312.500000   0.022602 
12187500.000000   0.005481 
12304687.500000   0.008377 
12421875.000000   0.011591 
12539062.500000   0.015150 
12656250.000000   0.016497 
12773437.500000   0.021475 
12890625.000000   0.028327 
13007812.500000   0.041991 
13125000.000000   0.094570 
13242187.500000   0.137125 
13359375.000000   0.025587 
13476562.500000   0.006925 
13593750.000000   0.004869 
13710937.500000   0.012309 
13828125.000000   0.019330 
13945312.500000   0.031211 
14062500.000000   0.049079 
14179687.500000   0.085267 
14296875.000000   0.204057 
14414062.500000   1.669911 
14531250.000000   0.200366 
14648437.500000   0.119442 
14765625.000000   0.092760 
14882812.500000   0.081796 

